45
45
0
39
53
0
49
0
43
0
43
40
39
38
0
45
40
45
46
49
0
0
36
52
40
0
37
37
36
37
44
0
40
39
41
0
46
0
0
0
40
34
46
44
39
0
42
42
42
31
0
0
36
35
46
41
0
43
0
0
38
0
38
0
48
0
40
0
0
0
0
38
0
0
0
37
0
39
32
36
42
45
0
0
44
0
33
0
44
0
40
34
0
39
42
35
36
38
0
44
41
0
0
44
0
0
40
40
0
48
0
56
44
43
36
0
45
42
36
40
0
45
59
40
40
41
0
0
37
46
45
0
39
45
35
45
0
45
36
41
0
41
46
38
45
42
41
0
44
55
46
47
48
39
41
0
42
0
39
0
0
49
0
37
0
32
0
42
0
39
51
36
42
49
37
0
36
44
0
33
44
0
44
34
42
44
39
49
47
42
39
38
44
0
39
49
38
0
43
52
43
0
52
36
0
0
38
40
43
0
42
49
41
53
36
0
0
39
49
43
0
43
0
47
46
35
0
49
43
43
40
0
46
40
48
38
0
0
0
0
46
51
40
46
43
35
39
49
0
0
0
42
37
0
45
45
0
40
0
32
43
38
43
51
39
43
47
44
34
0
0
46
0
38
0
41
40
41
0
0
0
40
0
0
42
0
0
40
0
0
37
35
34
43
42
36
0
51
43
47
46
45
52
49
37
0
38
45
39
50
0
41
43
37
52
0
49
39
43
46
41
61
0
44
0
0
40
0
37
0
0
40
39
0
42
0
53
42
43
41
47
0
43
42
44
48
0
40
39
39
44
44
0
42
64
41
40
39
0
0
43
42
45
0
53
0
0
0
48
0
0
41
44
47
0
0
45
44
45
0
43
0
38
0
40
46
0
43
0
41
0
40
44
0
37
0
44
34
40
0
42
50
43
0
41
40
46
0
0
0
45
39
47
42
40
42
41
45
45
40
45
41
38
0
43
0
45
0
44
36
0
40
35
38
0
0
0
43
48
34
50
44
46
53
0
49
0
51
43
0
41
33
41
0
0
0
42
0
41
42
0
43
0
47
36
42
0
0
57
43
0
41
43
0
50
39
0
0
42
44
51
46
0
38
0
0
44
44
0
0
0
37
38
38
32
41
48
47
41
39
0
38
43
34
32
0
40
43
0
0
0
0
36
0
0
42
48
43
43
41
0
36
0
44
0
0
0
41
51
45
40
0
41
40
43
0
38
39
0
34
0
46
42
39
43
37
39
42
37
0
44
47
41
43
42
0
44
39
0
47
44
41
0
38
41
40
37
0
42
42
41
42
43
0
41
0
38
43
50
47
35
0
41
0
38
37
0
0
0
42
51
39
37
0
40
0
0
0
52
34
0
0
36
0
43
47
39
39
39
0
36
0
0
41
42
40
36
0
0
0
44
37
0
31
35
0
0
0
0
34
41
36
40
40
43
0
0
45
46
40
31
38
46
0
0
40
39
41
0
52
36
37
0
0
0
0
44
31
37
0
0
41
40
0
41
37
32
0
39
46
46
42
36
46
46
37
35
40
0
46
41
49
0
36
0
28
56
44
0
61
38
31
43
50
0
48
46
0
0
44
0
32
0
37
40
0
0
43
0
0
33
40
33
35
40
0
41
0
54
0
37
44
37
41
42
40
0
37
42
52
42
0
45
40
0
43
42
39
0
0
45
45
47
44
0
27
0
47
42
0
39
50
42
42
52
39
0
39
33
39
0
0
44
0
49
35
38
36
0
50
40
36
42
40
38
45
41
42
39
48
0
40
0
0
37
33
35
41
0
42
39
41
0
0
38
0
0
41
0
39
42
43
53
0
35
0
42
45
0
42
0
0
39
36
55
49
39
42
44
41
0
38
45
43
0
40
55
38
0
38
38
45
40
36
41
0
44
34
39
0
38
33
53
40
27
0
29
0
34
49
38
0
45
43
34
42
0
0
43
50
43
50
0
36
0
49
43
48
39
53
37
35
37
46
40
0
38
42
36
0
40
46
0
0
0
34
36
42
0
33
0
43
35
41
40
0
45
0
36
0
45
38
0
38
45
37
0
40
40
37
43
52
41
46
36
0
42
41
0
0
0
41
46
35
38
0
33
47
38
48
0
0
0
0
41
0
33
0
35
38
0
49
0
0
43
40
40
0
40
44
36
43
0
38
0
48
45
0
37
36
38
0
0
0
46
0
0
40
51
45
33
0
44
47
42
41
0
48
45
0
0
0
49
0
49
46
41
43
35
43
33
46
36
35
36
43
48
45
0
0
0
0
0
39
36
41
48
0
0
0
55
46
39
43
38
37
0
38
0
0
41
0
0
37
0
0
40
0
0
0
34
45
0
43
38
46
35
0
47
0
40
40
34
0
0
40
48
0
39
46
36
46
46
39
0
0
44
38
40
34
35
38
37
42
38
0
0
39
0
39
49
43
37
0
40
39
38
0
48
42
47
0
56
42
48
40
45
0
0
0
0
0
58
36
0
48
44
45
47
38
0
46
38
0
40
38
0
0
38
0
0
38
0
50
0
0
35
49
42
0
46
0
0
51
0
0
43
38
42
43
36
45
0
38
0
48
0
55
44
45
55
42
39
46
0
50
40
45
35
50
0
35
42
40
45
0
39
47
56
52
34
38
50
0
40
0
0
0
0
0
0
37
36
44
0
39
44
0
0
0
46
38
42
0
50
42
40
56
42
0
0
0
45
33
41
40
0
0
39
0
42
46
0
0
0
0
52
0
38
40
37
0
46
40
38
49
49
41
41
42
33
36
39
48
46
0
0
41
0
39
0
45
34
0
51
0
40
51
42
41
40
44
0
38
0
39
36
47
0
0
49
38
46
43
39
0
0
39
0
0
42
45
0
0
47
36
41
57
41
0
0
38
48
0
42
40
36
36
0
0
0
43
34
39
45
0
0
0
40
49
45
37
35
0
49
0
0
39
37
50
40
50
0
39
35
0
41
0
43
0
0
38
56
42
38
32
0
51
0
0
0
45
0
37
46
40
42
42
45
34
40
0
41
36
0
44
0
43
0
0
42
36
39
44
51
0
0
38
0
43
41
0
0
0
41
48
34
38
0
47
0
53
38
46
0
42
0
22
41
0
38
0
48
0
0
41
40
54
37
0
37
46
53
43
55
0
0
42
41
0
44
43
41
0
0
0
43
48
0
49
43
42
46
35
42
36
46
0
45
45
47
40
0
43
40
0
0
0
0
0
37
58
43
0
0
51
0
39
48
42
47
40
40
32
41
48
0
60
0
45
0
39
40
0
45
38
0
40
43
0
44
59
30
0
45
49
36
0
44
42
0
43
0
0
38
39
37
41
0
40
47
0
0
0
0
43
0
43
0
0
37
40
46
44
46
0
0
44
44
0
0
0
42
42
0
49
40
45
35
0
